00000000
00000001
00000011
00000111
00001111
00011111
00111111
01111111
11111111
10111111
01011111
11011111
10011111
00101111
01101111
11101111
10101111
01001111
11001111
10001111
00010111
00110111
01110111
11110111
10110111
01010111
11010111
10010111
00100111
01100111
11100111
10100111
01000111
11000111
10000111
00001011
00011011
00111011
01111011
11111011
10111011
01011011
11011011
10011011
00101011
01101011
11101011
10101011
01001011
11001011
10001011
00010011
00110011
01110011
11110011
10110011
01010011
11010011
10010011
00100011
01100011
11100011
10100011
01000011
11000011
10000011
00000101
00001101
00011101
00111101
01111101
11111101
10111101
01011101
11011101
10011101
00101101
01101101
11101101
10101101
01001101
11001101
10001101
00010101
00110101
01110101
11110101
10110101
01010101
11010101
10010101
00100101
01100101
11100101
10100101
01000101
11000101
10000101
00001001
00011001
00111001
01111001
11111001
10111001
01011001
11011001
10011001
00101001
01101001
11101001
10101001
01001001
11001001
10001001
00010001
00110001
01110001
11110001
10110001
01010001
11010001
10010001
00100001
01100001
11100001
10100001
01000001
11000001
10000001
00000010
00000110
00001110
00011110
00111110
01111110
11111110
10111110
01011110
11011110
10011110
00101110
01101110
11101110
10101110
01001110
11001110
10001110
00010110
00110110
01110110
11110110
10110110
01010110
11010110
10010110
00100110
01100110
11100110
10100110
01000110
11000110
10000110
00001010
00011010
00111010
01111010
11111010
10111010
01011010
11011010
10011010
00101010
01101010
11101010
10101010
01001010
11001010
10001010
00010010
00110010
01110010
11110010
10110010
01010010
11010010
10010010
00100010
01100010
11100010
10100010
01000010
11000010
10000010
00000100
00001100
00011100
00111100
01111100
11111100
10111100
01011100
11011100
10011100
00101100
01101100
11101100
10101100
01001100
11001100
10001100
00010100
00110100
01110100
11110100
10110100
01010100
11010100
10010100
00100100
01100100
11100100
10100100
01000100
11000100
10000100
00001000
00011000
00111000
01111000
11111000
10111000
01011000
11011000
10011000
00101000
01101000
11101000
10101000
01001000
11001000
10001000
00010000
00110000
01110000
11110000
10110000
01010000
11010000
10010000
00100000
01100000
11100000
10100000
01000000
11000000
10000000