0
1
3
7
15
31
63
127
255
191
95
223
159
47
111
239
175
79
207
143
23
55
119
247
183
87
215
151
39
103
231
167
71
199
135
11
27
59
123
251
187
91
219
155
43
107
235
171
75
203
139
19
51
115
243
179
83
211
147
35
99
227
163
67
195
131
5
13
29
61
125
253
189
93
221
157
45
109
237
173
77
205
141
21
53
117
245
181
85
213
149
37
101
229
165
69
197
133
9
25
57
121
249
185
89
217
153
41
105
233
169
73
201
137
17
49
113
241
177
81
209
145
33
97
225
161
65
193
129
2
6
14
30
62
126
254
190
94
222
158
46
110
238
174
78
206
142
22
54
118
246
182
86
214
150
38
102
230
166
70
198
134
10
26
58
122
250
186
90
218
154
42
106
234
170
74
202
138
18
50
114
242
178
82
210
146
34
98
226
162
66
194
130
4
12
28
60
124
252
188
92
220
156
44
108
236
172
76
204
140
20
52
116
244
180
84
212
148
36
100
228
164
68
196
132
8
24
56
120
248
184
88
216
152
40
104
232
168
72
200
136
16
48
112
240
176
80
208
144
32
96
224
160
64
192
128